0 19.0 0.5 -19.0
1 11.5 -7.5 -8.5
2 7.5 -20.5 9.5
3 8.0 -17.5 29.5
4 8.0 -16.5 64.0
5 0.0 -28.0 23.5
6 4.0 -45.5 21.0
7 -7.0 -67.0 27.0
8 2.0 -84.0 51.5
9 -27.0 -67.0 48.0
10 -48.5 -74.0 60.5
11 -73.0 -75.0 61.5
12 -82.0 -53.0 57.5
13 -89.5 -50.0 94.0
14 -101.0 -26.0 66.0
15 -94.0 -10.0 59.5
16 -91.0 21.0 57.0
17 -95.5 42.0 49.5
18 -72.5 46.0 35.5
19 -61.0 51.5 36.0
20 -46.0 73.0 37.0
21 -38.0 103.0 53.5
22 -24.0 81.0 61.0
23 10.0 106.0 55.5
24 40.0 110.0 72.5
25 62.0 97.0 55.0
26 61.0 67.0 60.0
27 91.0 74.0 54.5
28 96.0 49.0 58.0
29 116.0 45.0 87.0
30 89.0 18.0 64.0
31 96.0 -8.0 56.5
32 97.0 -40.0 53.0
33 82.0 -47.5 62.0
34 83.0 -80.0 45.5
35 73.0 -100.0 52.0
36 41.0 -100.0 51.0
37 26.0 -103.0 52.5
38 -6.0 -94.0 65.0
39 -4.0 -104.5 82.0
40 -36.0 -98.0 74.0
41 -60.0 -108.0 80.0
42 -68.0 -87.0 73.0
43 -75.0 -76.0 80.5
44 -74.0 -38.5 94.0
45 -97.0 -50.0 95.5
46 -95.0 -13.0 85.0
47 -101.0 2.0 91.0
48 -88.0 26.0 87.5
49 -90.0 58.0 76.5
50 -80.0 87.0 81.5
51 -89.0 102.0 93.0
52 -64.0 106.0 87.5
53 -19.0 103.0 90.5
54 -3.0 87.0 70.5
55 19.0 104.0 83.0
56 42.0 103.0 85.5
57 49.0 83.0 86.0
58 66.0 67.0 92.0
59 84.0 59.0 88.0
60 92.0 41.0 88.5
61 84.0 11.0 90.0
62 107.0 0.0 103.0
63 109.0 -31.0 100.0
64 111.0 -57.0 98.5
65 94.0 -78.0 95.5
66 77.0 -84.0 96.5
67 59.0 -86.0 93.5
68 26.0 -92.0 94.5
69 12.0 -69.0 89.5
70 -17.0 -92.0 94.0
71 -20.0 -69.0 101.0
72 -55.0 -73.0 102.0
73 -73.0 -72.0 116.5
74 -72.0 -36.0 115.0
75 -79.0 -27.0 128.0
76 -83.0 -13.0 112.5
77 -92.0 28.0 115.5
78 -75.0 24.0 115.5
79 -62.0 54.0 109.0
80 -66.0 79.0 113.0
81 -51.0 97.0 119.0
82 -28.0 86.0 114.0
83 -19.0 91.0 113.5
84 13.0 74.0 109.0
85 42.0 97.0 107.5
86 61.0 75.0 109.5
87 81.0 72.0 127.5
88 81.0 53.0 114.0
89 75.0 30.0 105.5
90 91.0 8.0 115.5
91 72.0 -6.5 143.0
92 86.0 -35.0 119.5
93 92.0 -50.0 127.5
94 82.0 -59.0 129.5
95 74.0 -95.0 128.5
96 57.0 -101.0 132.5
97 43.0 -85.0 121.5
98 9.0 -89.0 101.0
99 6.0 -67.0 95.5
100 -17.0 -30.0 152.5
101 -30.0 -70.0 158.5
102 -6.5 -76.0 136.5
103 -41.5 -81.0 152.5
104 -52.0 -50.0 129.0
105 -67.0 -40.0 140.5
106 -64.0 -2492.0 149.5
107 -90.0 -20.0 134.0
108 -85.0 2.0 125.0
109 -83.0 28.0 125.0
110 -64.0 36.5 128.5
111 -40.0 49.0 118.0
112 -32.0 69.5 132.5
113 0.0 78.0 131.5
114 22.0 75.0 139.5
115 46.0 84.0 144.5
116 53.0 73.0 154.0
117 85.0 67.0 155.0
118 85.0 44.0 152.5
119 91.0 27.0 142.0
120 85.0 10.0 136.5
121 82.0 -15.0 137.5
122 89.0 -46.0 151.0
123 77.0 -64.0 155.0
124 55.0 -55.0 152.0
125 28.0 -72.0 149.0
126 3.0 -79.0 162.0
127 -17.0 -85.0 161.0
128 -26.0 -48.0 144.5
129 -30.0 -35.5 151.5
130 -59.0 -36.5 161.0
131 -75.0 -22.0 175.5
132 -56.0 -9.0 153.0
133 -65.5 15.5 155.0
134 -55.5 43.0 154.5
135 -39.5 -43.0 164.5
136 -27.0 74.0 148.0
137 -8.0 76.0 146.5
138 18.0 89.0 163.5
139 39.0 81.0 152.5
140 50.0 59.0 152.0
141 74.0 52.0 152.5
142 83.0 32.0 159.5
143 99.0 12.0 174.0
144 75.0 -5.0 165.0
145 90.0 -38.0 180.0
146 60.0 -48.0 165.0
147 43.0 -58.0 163.0
148 13.0 -53.0 172.5
149 -0.5 -62.0 176.5
150 -22.0 -64.5 187.5
151 -34.5 -50.5 182.0
152 -53.0 -38.5 181.0
153 -62.0 -20.0 186.5
154 -57.0 1.0 180.0
155 -68.0 20.0 188.5
156 -64.0 51.0 203.0
157 -40.0 68.0 195.5
158 -22.0 80.0 206.5
159 0.0 70.0 186.5
160 25.0 70.0 187.5
161 56.0 83.0 206.5
162 67.0 63.0 191.5
163 73.0 41.5 185.5
164 89.0 31.0 192.0
165 72.0 -4.0 175.5
166 67.0 -11.0 184.5
167 77.0 -46.0 184.5
168 64.0 -66.0 195.0
169 49.0 -68.0 199.5
170 26.0 -80.0 207.0
171 -2.5 -66.5 202.0
172 -9.5 -43.0 207.0
173 -41.0 -46.0 185.0
174 -54.0 -22.0 199.0
175 -65.0 3.0 212.0
176 -54.0 23.0 214.5
177 -47.0 46.0 217.0
178 -40.0 66.0 225.5
179 -6.0 72.0 219.5
180 13.0 68.0 216.5
181 31.0 55.0 224.0
182 55.0 51.0 211.0
183 73.0 53.0 228.0
184 72.0 22.0 216.0
185 60.0 -3.0 213.5
186 74.0 -26.0 205.0
187 75.0 -38.0 222.5
188 50.0 -46.0 225.5
189 43.0 -54.0 232.5
190 15.0 -59.0 249.5
191 7.0 -65.5 223.0
192 -23.0 -53.0 221.5
193 -40.0 -37.5 224.0
194 -36.0 -25.0 224.0
195 -38.0 2.0 228.0
196 -31.0 24.0 234.5
197 -44.0 51.0 248.0
198 -35.0 54.0 248.5
199 -17.0 51.0 225.5
200 -3.0 55.0 240.0
201 23.5 54.0 239.5
202 38.0 53.0 237.5
203 55.5 55.0 246.5
204 56.0 21.0 242.0
205 72.0 4.0 244.0
206 63.0 -25.0 248.5
207 41.0 -35.0 249.0
208 29.0 -43.0 251.0
209 10.0 -42.5 239.5
210 -9.0 -36.0 230.5
211 -26.5 -41.0 255.5
212 -40.0 -32.0 267.0
213 -48.5 -18.0 267.5
214 -35.5 -5.0 255.0
215 -41.0 22.0 253.5
216 -33.0 41.0 258.5
217 -15.0 46.0 266.0
218 6.0 35.0 259.0
219 26.0 34.0 269.5
220 40.0 33.0 260.0
221 59.0 14.0 269.0
222 70.0 1.0 278.5
223 74.0 -14.0 288.5
224 56.5 -35.0 287.5
225 42.0 -50.0 291.5
226 20.0 -40.5 282.5
227 -1.0 -56.0 291.0
228 -20.5 -44.0 291.5
229 -29.5 -20.0 292.5
230 -49.5 -14.0 303.0
231 -40.5 2.0 297.5
232 -25.0 20.0 308.5
233 -27.0 49.5 294.0
234 -6.0 53.0 290.5
235 31.0 51.0 306.0
236 19.0 49.0 304.0
237 45.0 47.0 299.5
238 59.0 30.0 291.5
239 35.0 16.0 298.0
240 56.0 4.0 312.5
241 51.0 -32.0 321.5
242 27.0 -34.0 317.0
243 7.0 -44.0 324.5
244 -7.0 -52.0 324.0
245 -24.0 -36.0 317.0
246 -16.0 -16.5 317.0
247 -38.5 0.0 323.5
248 -28.0 22.0 335.5
249 -26.0 30.0 341.0
250 -16.0 34.0 342.0
251 0.0 42.5 324.5
252 26.0 55.0 352.5
253 51.0 52.0 373.0
254 57.0 32.0 346.5
255 48.0 10.0 330.0
256 39.0 -6.0 331.0
257 52.0 -33.0 328.5
258 18.0 -39.0 324.0
259 27.0 -26.0 352.0
260 4.0 -46.0 352.0
261 -6.0 -27.0 338.5
262 -19.0 -24.0 366.5
263 -7.0 11.0 339.5
264 -11.0 31.0 353.5
265 1.0 47.0 379.5
266 15.0 21.0 358.0
267 46.0 38.0 376.5
268 59.0 24.0 374.0
269 54.0 14.0 363.0
270 47.0 -8.0 355.0
271 36.0 -28.0 358.5
272 26.0 -41.0 383.5
273 -3.0 -26.0 360.5
274 -17.0 -37.0 393.5
275 -38.0 -9.0 379.0
276 -31.0 7.0 383.5
277 -24.0 34.0 400.5
278 9.0 31.0 401.0
279 21.0 44.0 405.5
280 35.0 33.0 400.5
281 49.0 10.0 399.5
282 51.0 -4.0 393.0
283 35.0 -31.0 392.0
284 33.0 -24.0 421.5
285 1.0 -16.0 394.0
286 -8.0 -7.0 395.0
287 1.0 24.0 406.5
288 31.0 17.0 422.5
289 35.0 12.0 424.5
290 31.0 -21.0 441.5
291 6.0 -20.0 417.0
292 -12.0 -16.0 434.5
293 0.0 17.0 435.5
294 -3.0 16.0 455.5
295 31.0 12.0 453.0
296 10.0 -19.5 458.5
297 24.0 9.5 473.5
298 37.0 -5.0 446.0
299 33.0 -13.0 445.0
